101018
113624
117
118318
12391
132784
141090
15478
159541
17082
180589
210878
217451
221
221761
224673
230369
24142
251705
251775
252923
25359
26393
271364
282567
28508
287203
291301
294265
29489
305628
30793
308549
316462
31764
318653
320302
326039
33013
332284
33588
336019
34159
342532
344502
344824
348123
348384
349184
354692
356675
357558
361
361084
366189
366479
367535
36907
369763
369807
370857
371322
371865
371948
373077
374185
375829
376221
378587
378739
379286
379308
380299
383614
388522
395294
397069
399538
403248
403378
405398
405528
406937
407923
412065
412114
412679
412770
414245
414521
414982
416586
417021
417208
417470
418798
419464
419759
420058
420864
422168
423614
423855
425212
426259
427160
429585
429745
430176
431
432430
433332
434037
436035
437750
438034
438472
4681
49824
58756
61508
62278
63378
67746
700428
700451
700833
702677
703263
703528
705335
705716
706353
706758
707810
707925
708440
709116
709249
710014
710105
711201
711955
712107
712921
714261
714594
714735
715191
718776
719103
720546
720765
721762
723262
723497
723710
723753
7253567
725499
725605
726913
727469
728273
730122
73138
731420
732103
732738
733640
734365
73512
735397
737052
737162
73768
738574
739507
740277
741727
742109
742174
744836
745211
747558
747927
748703
749922
750539
750675
753184
756147
756663
757850
758262
759209
760006
761202
761504
761942
762108
763819
765251
765445
766174
76737
768220
768991
769107
770409
772331
774204
775633
776146
776656
776980
778216
780642
780787
780915
782153
782748
782788
783210
785514
785818
786085
786354
786612
786850
791498
791636
791881
792053
793754
794685
794787
794930
795333
797719
798015
798351
798471
7989734
800495
800597
80218
804409
804746
805442
805710
806955
807341
807385
807863
808636
809055
809263
809698
812072
812264
813232
813377
813441
813696
814024
814912
816023
816749
818266
819702
820320
822933
823230
823398
823832
823938
824529
824793
824832
825173
825380
825717
825869
825904
826196
826433
826814
827009
827145
827216
828272
828697
830107
831165
831406
831512
831557
831840
832383,
832615
832924
832931
833976
834021
834222
834482
834942
837077
837080
838130
838189
839269
839379
839892
839968
840178
840213
840272
840768
840965
841285
841411
841935
842800
843297
843480
843571
844516
844565
844583
844621
844839
844961
844967
845030
845757
845813
845827
845828
845913
846126
846270
846460
846539
847038
847044
847132
847272
847609
847700
847795
847903
848136
848712
848720
848839
848855
849177
849319
849413
849860
849888
850033
850374
850509
850525
850554
851107
851662
851877
851972
852071
852223
852489
852807
853148
853229
853270
853635
853908
854139
854445
854734
854990
855027
855074
855150
855205
855310
856721
857133
857192
857209
857210
857219
857770
858055
858087
858152
858344
858498
858805
859001
859177
859738
859904
859981
860200
860959
861409
862289
862728
862739
863947
864402
864860
865448
865592
866188
8662777
87470
900000
95726
97304
308329
806913
828823
851944
