No Account/Unable to Locate Account: 8
28187,28165,28335,28365,28518,28582,28050,28971

Insufficient Funds: 1
28490

Incorrect DFI Account Number: 1
28166

Invalid Account Number: 2
28397,28792

Non Transaction Account: 57
28953,28767,28877,28882,28959,28808,28809,28812,28899,28902,28903,28904,28905,28906,28907,28908,28910,28920,28921,28923,28926,28927,28928,28932,28935,28781,28673,28701,28702,28703,28705,28706,28772,28785,28786,28788,28798,28815,28831,28832,28833,28835,28839,28840,28875,28876,28878,28879,28880,28936,28944,28949,28789,28796,28865,28690,28691

